Np=10
Rd=6e-05
L=6e-05
rp=3.5e-07
D=6.23341702829629e-13
Temp=298
eta=0.001
dt=0.0001
tmax=1.0
fixation_radiusDef=1
DiffDef=1
AdvDef=1
CapDef=1
period=100
QRn=20
Rn=7e-06
NRejAvrg=0.04931583333333422
Time=33.71
